Epoch: 0  
Beanbags:      25.4107943093559676 
Dimetrodon:    30.0989213354967511 
DogDance:      25.9485543706132269 
Grove2:        23.4502490841484246 
Grove3:        21.4691873573809957 
Hydrangea:     27.2508083768093989 
MiniCooper:    22.2892063810909136 
RubberWhale:   30.4830682404674533 
Urban2:        26.9287060942681293 
Urban3:        26.3770367714995899 
Venus:         24.4472311689517561 
Walking:       29.7671020986517121 
Average:       26.1600721323945287 
